0,NaN,NaN
1e-06,NaN,NaN
2e-06,NaN,NaN
3e-06,NaN,NaN
4e-06,96.012,94.888
5e-06,124.31,122.58
6e-06,143.99,142.26
7e-06,159.42,158.01
8e-06,172.24,170.52
9e-06,183.15,181.68
1e-05,192.66,191.21
1.1e-05,200.75,199.14
1.2e-05,207.9,206.67
1.3e-05,214.14,213.2
1.4e-05,219.45,218.48
1.5e-05,224.12,222.98
1.6e-05,227.92,227.03
1.7e-05,231.35,230.55
1.8e-05,233.75,233.03
1.9e-05,235.9,235.17
2e-05,237.26,236.39
2.1e-05,238.37,237.81
2.2e-05,239.1,238.57
2.3e-05,239.26,238.97
2.4e-05,238.92,238.45
2.5e-05,238.27,237.68
2.6e-05,237.04,236.69
2.7e-05,235.12,234.79
2.8e-05,233.06,232.87
2.9e-05,230.15,229.86
3e-05,226.66,226.29
3.1e-05,222.37,222.24
3.2e-05,218.09,217.95
3.3e-05,213.04,213.06
3.4e-05,207.47,207.44
3.5e-05,200.95,201.14
3.6e-05,193.51,194.16
3.7e-05,185.3,185.96
3.8e-05,175.64,176.79
3.9e-05,164.43,165.84
4e-05,151.33,152.68
4.1e-05,135.57,137.39
4.2e-05,116.36,118.34
4.3e-05,90.208,92.529
4.4e-05,42.807,45.109
4.5e-05,43.735,42.88
4.6e-05,58.857,59.486
4.7e-05,68.795,68.802
4.8e-05,75.405,75.8
4.9e-05,80.062,80.411
5e-05,84.327,84.567
5.1e-05,87.715,87.954
5.2e-05,89.485,89.574
5.3e-05,89.165,89.514
5.4e-05,88.568,88.913
5.5e-05,86.631,87.585
5.6e-05,83.176,84.814
5.7e-05,77.759,80.561
5.8e-05,69.605,73.514
5.9e-05,58.252,63.068
6e-05,41.586,44.668
6.1e-05,13.434,13.846
6.2e-05,36.051,38.913
6.3e-05,45.529,48.517
6.4e-05,51.672,55.038
6.5e-05,55.638,59.275
6.6e-05,57.665,61.437
6.7e-05,57.958,61.855
6.8e-05,56.403,59.613
6.9e-05,52.608,56.26
7e-05,46.718,50.083
7.1e-05,37.493,40.733
7.2e-05,23.176,25.369
7.3e-05,20.517,22.689
7.4e-05,30.526,34.475
7.5e-05,35.838,40.348
7.6e-05,39.286,43.929
7.7e-05,40.748,45.219
7.8e-05,40.386,44.67
7.9e-05,37.991,41.811
8e-05,32.979,37.002
8.1e-05,25.541,28.896
8.2e-05,18.112,21.172
8.3e-05,24.644,27.587
8.4e-05,30.159,33.855
8.5e-05,33.644,38.102
8.6e-05,35.496,40.287
8.7e-05,35.652,40.02
8.8e-05,33.771,38.189
8.9e-05,30.877,34.745
9e-05,26.475,29.778
9.1e-05,21.637,24.708
9.2e-05,22.179,25.555
9.3e-05,25.761,29.603
9.4e-05,28.64,33.087
9.5e-05,31.608,36.397
9.6e-05,33.256,37.753
9.7e-05,33.726,38.798
9.8e-05,32.313,36.923
9.9e-05,29.501,33.709
0.0001,25.622,29.148
0.000101,20.357,24.448
0.000102,21.843,26.189
0.000103,24.696,29.164
0.000104,26.926,31.942
0.000105,30.137,35.079
0.000106,32.912,38.026
0.000107,34.638,39.536
0.000108,34.352,39.435
0.000109,31.866,36.462
0.00011,27.182,30.841
0.000111,20.183,23.117
0.000112,20.431,23.705
0.000113,26.767,30.992
0.000114,31.413,36.193
0.000115,33.654,37.943
0.000116,34.51,38.621
0.000117,34.296,38.864
0.000118,33.795,37.888
0.000119,31.934,35.616
0.00012,28.388,31.577
0.000121,22.207,25.426
0.000122,19.214,22.229
0.000123,22.679,27.308
0.000124,27.651,32.347
0.000125,31.363,36.262
0.000126,33.99,38.524
0.000127,35.109,39.793
0.000128,35.889,40.299
0.000129,34.885,38.855
0.00013,32.287,35.627
0.000131,27.443,30.378
0.000132,18.926,21.58
0.000133,20.409,23.551
0.000134,27.418,31.314
0.000135,32.963,36.959
0.000136,36.398,40.496
0.000137,38.024,42.132
0.000138,38.633,43.205
0.000139,37.985,41.577
0.00014,36.066,39.04
0.000141,31.6,33.885
0.000142,24.265,26.688
0.000143,16.92,19.209
0.000144,24.067,27.354
0.000145,29.658,33.358
0.000146,34.3,37.922
0.000147,36.975,41.444
0.000148,39.219,43.238
0.000149,39.566,43.639
0.00015,38.155,41.655
0.000151,34.563,37.044
0.000152,28.823,30.434
0.000153,19.553,21.261
0.000154,20.371,22.954
0.000155,26.956,29.974
0.000156,30.862,34.265
0.000157,33.906,37.604
0.000158,36.249,40.475
0.000159,38.269,42.029
0.00016,38.486,42.297
0.000161,36.478,39.533
0.000162,31.595,34.152
0.000163,22.695,24.603
0.000164,18.161,19.625
0.000165,27.086,30.096
0.000166,32.746,35.807
0.000167,36.491,40.026
0.000168,39.15,42.077
0.000169,40.274,43.759
0.00017,40.004,43.448
0.000171,38.204,40.974
0.000172,33.958,36.272
0.000173,25.444,27.534
0.000174,15.75,17.443
0.000175,26.106,28.331
0.000176,32.346,35.671
0.000177,36.38,39.697
0.000178,39.33,43.084
0.000179,40.613,44.118
0.00018,40.452,43.949
0.000181,38.527,41.329
0.000182,34.99,37.014
0.000183,28.549,30.267
0.000184,16.639,18.437
0.000185,22.994,25.184
0.000186,29.976,33.212
0.000187,35.42,38.388
0.000188,38.821,42.222
0.000189,40.525,43.846
0.00019,41.089,44.621
0.000191,39.911,43.083
0.000192,36.663,39.281
0.000193,31.101,32.843
0.000194,20.664,22.401
0.000195,20.073,21.349
0.000196,27.862,30.458
0.000197,33.217,36.496
0.000198,36.789,40.22
0.000199,39.234,42.798
0.0002,40.338,43.714
0.000201,39.801,42.972
0.000202,36.833,39.873
0.000203,31.693,33.556
0.000204,22.238,24.113
0.000205,18.725,20.379
0.000206,26.895,29.38
0.000207,31.854,35.054
0.000208,34.78,38.193
0.000209,36.51,39.923
0.00021,37.185,40.325
0.000211,36.471,39.717
0.000212,34.081,37.131
0.000213,29.602,31.707
0.000214,22.11,24.215
0.000215,19.113,21.367
0.000216,25.751,28.548
0.000217,30.102,33.343
0.000218,32.56,36.508
0.000219,34.167,37.707
0.00022,34.833,38.458
0.000221,34.328,37.899
0.000222,32.181,35.486
0.000223,28.969,31.305
0.000224,23.064,25.762
0.000225,18.758,21.551
0.000226,23.649,26.744
0.000227,28.124,31.899
0.000228,31.877,35.67
0.000229,34.552,38.3
0.00023,35.31,38.845
0.000231,34.639,38.723
0.000232,32.503,35.689
0.000233,28.82,31.311
0.000234,23.483,25.92
0.000235,19.975,22.262
0.000236,23.396,26.329
0.000237,27.724,30.941
0.000238,30.808,34.26
0.000239,31.915,36.044
0.00024,32.753,36.738
0.000241,32.302,36.073
0.000242,30.414,34.262
0.000243,27.822,30.933
0.000244,24.475,27.067
0.000245,21.732,24.691
0.000246,22.22,25.473
0.000247,25.181,28.601
0.000248,27.853,31.878
0.000249,29.538,33.482
0.00025,30.433,34.621
0.000251,30.239,34.549
0.000252,29.783,33.464
0.000253,28.44,31.981
0.000254,25.386,28.976
0.000255,23.196,26.107
